1
9 2.0
2 0 3 2 0 3 0 2 3 1 2 3 1 2 3 1 2 3 1 2

2
15 6.2
2 1 2 0 3 2 1 2 3 0 3 2 1 2 3 0 3 2 1 2

3
38 58.0
2 1 3 1 2 0 2 0 2 1 3 2 0 2 1 3 2 3 2 2

4
25 22.2
0 2 0 1 3 0 2 0 1 3 1 0 2 0 1 3 1 2 0 2

5
16 9.9
0 2 0 3 1 3 0 2 0 3 1 3 1 3 1 3 2 0 2 3

6
25 7.4
0 2 0 3 1 2 0 3 1 3 0 2 0 3 1 3 0 2 0 3

7
14 3.8
0 1 0 1 0 2 0 1 0 1 0 2 3 2 0 1 2 3 2 0

8
10 10.1
2 0 1 0 2 0 1 3 1 3 1 3 1 3 1 3 1 2 0 2

9
12 0.7
1 0 3 0 3 0 3 1 2 1 3 0 3 1 2 1 3 0 3 1

10
9 0.4
0 1 3 0 2 0 3 0 1 3 0 2 0 3 0 1 3 0 2 0

